64,32,224,224
64,32,112,112
64,32,56,56
64,64,56,56
32,32,56,56
96,64,28,28
128,96,14,14
192,160,7,7
64,32,28,28
64,32,14,14
96,64,7,7
64,32,7,7
64,32,224,224
64,32,112,112
160,96,28,28
192,96,28,28
192,96,14,14
*****************
64,32,224,224
64,32,112,112
32,32,56,56
64,32,56,56
64,64,56,56
32,32,28,28
64,32,28,28
96,64,28,28
160,96,28,28
192,96,28,28
32,32,14,14
64,32,14,14
128,96,14,14
192,96,14,14
32,32,7,7
64,32,7,7
96,64,7,7
192,160,7,7
#0.12,0.083,0.0816,0.0528,0.0664,0.0519,0.0426,0.0473,1.06,0.306,0.14,0.161,0.0643
densenet121,(6,32,32,56,56),(12,32,32,28,28),(24,32,32,14,14),(16,32,32,7,7)
resnet18,(1,64,32,56,56),(3,32,32,56,56),(3,96,64,28,28),(3,128,96,14,14),(3,192,160,7,7)
resnet50,(1,64,32,56,56),(2,32,32,56,56),(3,64,32,28,28),(5,64,32,14,14),(2,96,64,7,7)
vgg16,(1,64,32,224,224),(2,64,32,112,112),(2,64,32,56,56),(1,64,64,56,56),(2,160,96,28,28),(1,192,96,28,28),(3,192,96,14,14),
densenet201,(6,64,32,56,56),(12,64,32,28,28),(48,64,32,14,14),(32,64,32,7,7)